494 
1
2
3
4
5
6
7
8
9
10
11
12
13
14
15
16
17
18
19
20
21
22
23
24
25
26
27
28
29
30
31
32
33
34
35
36
37
38
39
40
41
42
43
44
45
46
47
48
49
50
51
52
53
54
55
56
57
58
59
60
61
62
63
64
65
66
67
68
69
70
71
72
73
74
75
76
77
78
79
80
81
82
83
84
85
86
87
88
89
90
91
92
93
94
95
96
97
98
99
100
101
102
103
104
105
106
107
108
109
110
111
112
113
114
115
116
117
118
119
120
121
122
123
124
125
126
127
128
129
130
131
132
133
134
135
136
137
138
139
140
141
142
143
144
145
146
147
148
149
150
151
152
153
154
155
156
157
158
159
160
161
162
163
164
165
166
167
168
169
170
171
172
173
174
175
176
177
178
179
180
181
182
183
184
185
186
187
188
189
190
191
192
193
194
195
196
197
198
199
200
201
202
203
204
205
206
207
208
209
210
211
212
213
214
215
216
217
218
219
220
221
222
223
224
225
226
227
228
229
230
231
232
233
234
235
236
237
238
239
240
241
242
243
244
245
246
247
248
249
250
251
252
253
254
255
256
257
258
259
260
261
262
263
264
265
266
267
268
269
270
271
272
273
274
275
276
277
278
279
280
281
282
283
284
285
286
287
288
289
290
291
292
293
294
295
296
297
298
299
300
301
302
303
304
305
306
307
308
309
310
311
312
313
314
315
316
317
318
319
320
321
322
323
324
325
326
327
328
329
330
331
332
333
334
335
336
337
338
339
340
341
342
343
344
345
346
347
348
349
350
351
352
353
354
355
356
357
358
359
360
361
362
363
364
365
366
367
368
369
370
371
372
373
374
375
376
377
378
379
380
381
382
383
384
385
386
387
388
389
390
391
392
393
394
395
396
397
398
399
400
401
402
403
404
405
406
407
408
409
410
411
412
413
414
415
416
417
418
419
420
421
422
423
424
425
426
427
428
429
430
431
432
433
434
435
436
437
438
439
440
441
442
443
444
445
446
447
448
449
450
451
452
453
454
455
456
457
458
459
460
461
462
463
464
465
466
467
468
469
470
471
472
473
474
475
476
477
478
479
480
481
482
483
484
485
486
487
488
489
490
491
492
493
494
1062
1 1 
16 1
46 1
267 1
2 2 
4 2
3 3 
52 3
186 3
4 4 
8 4
120 410
158 4
429 4
432 4
5 5 8
115 58
6 6 
150 6
433 6
7 7 
165 7
367 7
426 7
8 8 
9 9 
422 9
10 10 
205 10
277 10
11 11 
412 11
436 11
12 12 
13 12
14 12
16 12
13 13 
14 14 
15 15 
16 15
16 16 
17 16
19 16
57 16
17 17 
20 17
21 17
281 17
334 17
19 19 
20 20 
21 21 
22 22 
23 22
140 22
23 23 
140 23
155 23
197 23
24 24 
25 24
25 25 
157 25
170 25
26 26 
99 26
425 26
27 27 
28 27
28 28 
85 28
173 28
29 29 
307 29
316 29
30 30 
31 30
31 31 
182 31
186 31
32 32 
376 325
444 32
33 33 
34 33
239 33
34 34 
35 35 
222 35
36 36 
325 36
419 36
37 37 
147 37
262 37
38 38 
39 38
398 38
39 39 
40 39
281 39
40 40 
417 40
41 41 
47 41
328 41
413 41
42 42 
172 42
328 42
43 43 
175 43
44 44 
102 44
286 44
45 45 
174 45
203 45
264 45
285 45
46 46 
253 46
47 47 
153 47
285 47
48 48 
205 48
271 48
283 48
306 48
49 49 
50 49
114 49
455 49
50 50 
238 50
331 50
442 50
51 51 
82 51
409 51
52 52 
397 52
53 53 
271 53
310 53
54 54 
162 54
406 54
55 55 
269 55
363 55
56 56 
124 56
224 56
57 57 
84 57
58 58 
59 586
60 58
59 59 
347 59
377 59
60 60 
61 61 
332 61
418 61
62 62 
438 62
63 63 
89 63
190 63
394 63 
65 65 
66 65
428 65
436 65
66 66 
67 67 
69 67
70 67
71 67
68 68 
70 68
72 68
73 68
214 68
69 69 
70 70 
71 70
72 70
142 70
311 70
320 70
71 71 
74 71
75 71
76 71
91 71
353 71
72 72 
212 72
213 72
440 72
464 72
73 73 
74 74 
75 75 
76 76 
77 77 
78 77
187 77
264 77
78 78 
123 78
265 78
79 79 
80 79
214 79
421 79
80 80 
147 80
252 80
355 80
393 80
437 80
81 81 
396 81
457 81
82 82 
287 82
83 83 
387 83
423 83
84 84 
173 84
85 85 
88 85
116 85
275 85
454 85
86 86 
88 86
87 87 
88 8740
236 87
88 88 
89 89 
326 89
90 90 
91 90
386 90
91 91 
93 91
94 91
95 91
371 91
92 92 
95 92
387 92
93 93 
94 94 
95 95 
96 95
96 96 
97 97 
326 97
422 97
98 98 
150 98
156 98
99 99 
224 99
100 100 
158 100
220 100
391 100
101 101 
102 101
102 102 
178 102
233 102
286 102
103 103 
306 103
429 103
104 104 
105 104
191 104
257 104
263 104
105 105 
106 106 
255 106
107 107 
246 107
334 107
108 108 
191 108
380 108
109 109 
112 109
110 110 
112 110
111 111 
112 111
112 112 
123 112
179 112
298 112
113 113 
263 113
337 113
378 113
416 113
114 114 
115 114
285 114
115 115 
354 115
116 116 
117 116
117 117 
119 117
118 118 
124 118
346 118
119 119 
346 119
120 120 
429 120
121 121 
123 121
122 122 
123 122
187 122
264 122
297 122
123 123 
179 123
265 123
124 124 
125 125 
126 125
126 126 
385 126
127 127 
129 127
226 127
128 128 
225 128
438 128
129 129 
130 130 
141 130
131 131 
141 131
132 132 
141 132
133 133 
142 133
134 134 
143 134
135 135 
140 135
136 136 
141 136
142 136
144 136
137 137 
141 137
142 137
145 137
138 138 
199 138
340 138
139 139 
147 139
140 140 
141 141 
142 142 
143 142
473 142
478 142
487 142
143 143 
242 143
144 144 
145 145 
146 146 
183 146
245 146
339 146
147 147 
148 148 
434 148
443 148
149 149 
150 149
217 149
150 150 
397 150
151 151 
153 151
154 151
155 151
152 152 
153 152
154 152
155 152
153 153 
203 153
154 154 
155 155 
241 155
156 156 
157 156
157 157 
158 158 
159 159 
160 159
183 159
248 159
388 159
392 159
160 160 
369 160
399 160
161 161 
410 161
162 162 
355 162
163 163 
167 163
246 163
164 164 
167 164
231 164
417 164
470 164
165 165 
166 166 
341 166
423 166
167 167 
168 168 
169 168
169 169 
344 169
400 169
170 170 
325 170
171 171 
172 171
172 172 
173 173 
202 173
174 174 
175 174
285 174
175 175 
176 176 
464 176
177 177 
226 177
178 178 
340 178
179 179 
180 180 
181 180
181 181 
233 181
182 182 
183 183 
184 183
185 183
248 183
184 184 
185 185 
186 186 
187 187 
188 188 
198 188
212 188
189 188 
190 190 
401 190
191 191 
192 191
195 191
196 191
374 191
380 191
416 191
192 192 
193 192
194 192
193 193 
194 194 
195 195 
196 196 
197 197 
465 197
198 198 
201 198
199 199 
364 199
200 200 
280 200
201 201 
202 202 
247 202
203 203 
297 203
204 204 
205 204
206 204
207 204
205 205 
208 205
283 205
357 205
369 205
206 206 
207 207 
278 207
208 208 
209 208
209 209 
210 210 
211 210
211 211 
457 211
465 211
212 212 
213 213 
444 213
214 214 
215 215 
390 215
440 215
216 216 
217 216
218 216
219 216
217 217 
277 217
286 217
429 217
218 218 
219 219 
235 219
220 220 
271 220
449 220
221 221 
367 221
464 221
222 222 
240 222
436 222
223 223 
345 223
398 223
407 223
224 224 
377 224
454 224
225 225  
282 225
377 225
226 226 
227 227 
228 227
228 228 
420 228
229 229 
230 229
230 230 
315 230
436 230
231 231 
386 231
473 231
232 232 
233 232
234 232
235 232
233 233 
234 234 
235 235 
236 236 
301 236
399 236
237 237 
300 237
308 237
238 238 
294 238
239 239 
322 239
240 240 
422 240
241 241 
329 241
242 242 
258 242
431 242
480 242
243 243 
244 243
309 243
244 244 
245 245 
300 245
246 246 
247 247 
333 247
248 248 
249 248
249 249 
252 252 
363 252
253 253 
256 253
254 254 
256 254
255 255 
256 255
385 255
256 256 
257 257 
266 257
336 257
402 257
427 257
258 258 
259 258
260 258
261 258
431 258
466 258
259 259 
260 260 
261 261 
262 262 
443 262
263 263 
336 263
378 263
264 264 
265 264
265 265 
266 266 
267 267 
407 267
268 268 
269 268
269 269 
422 269
270 270 
372 270
404 270
271 271 
272 271
310 271
377 271
272 272 
273 272
274 272
273 273 
274 274 
275 275 
345 275
375 275
407 275
276 276 
315 276
394 276
277 277 
432 277
278 278 
279 278
431 278
479 278
279 279 
280 280 
281 280
281 281 
282 282 
283 283 
284 284 
285 284
287 284
288 284
285 285 
289 285
290 285
286 286 
289 286
290 286
287 287 
288 288 
289 289 
291 289
290 290 
292 290
291 291 
292 292 
293 293 
294 293
294 294 
419 294
295 295 
447 295
296 296 
297 296
299 296
297 297 
456 297
298 298 
299 299 
300 300 
372 300
301 301 
323 301
429 301
302 302 
303 302
493 302
303 303 
304 304 
305 304
494 304
305 305 
306 306 
310 306
307 307 
434 307
308 308 
373 308
309 309 
409 309
310 310 
317 310
318 310
319 310
391 310
311 311 
317 311
318 311
319 311
320 311
312 312 
317 312
313 313 
318 313
314 314 
319 314
315 315 
316 316 
428 316
317 317 
318 318 
319 319 
320 320 
321 320
321 321 
401 321
322 322 
323 322
323 323 
340 323
324 324 
325 324
325 325 
326 326 
327 327 
328 327
328 328 
329 329 
396 329
330 330 
331 330
331 331 
332 332 
335 332
333 333 
392 333
334 334 
335 335 
434 335
336 336 
337 337 
343 337
338 338 
394 338
339 339 
342 339
340 340 
341 341 
423 341
342 342 
343 343 
416 343
344 344 
345 345 
348 345
350 345
352 345
353 345
346 346 
347 346
349 346
351 346
353 346
375 346
347 347 
348 348 
349 349 
350 350 
351 351 
352 352 
395 352
353 353 
403 353
354 354 
420 354
355 355 
356 356 
385 356
357 357 
358 357
359 357
361 357
399 357
358 358 
360 358
362 358
359 359 
360 360 
361 361 
362 362 
363 363 
364 364 
365 365 
438 365
366 366 
367 366
367 367 
376 367
426 367
368 368 
369 368
370 368
371 368
369 369 
372 369
373 369
370 370 
371 371 
372 372 
373 373 
392 373
374 374 
408 374
375 375 
376 376 
377 377 
395 377
378 378 
379 379 
380 379
381 379
383 379
380 380 
384 380
381 381 
417 381
430 381
382 382 
384 382
383 383 
384 384 
385 385 
386 386 
387 387 
388 388 
389 388
389 389 
390 390 
439 390
391 391 
392 392 
404 392
393 393 
439 393
394 394 
395 395 
396 396 
457 396
465 396
397 397 
398 398 
399 399 
400 400 
442 400
401 401 
402 402 
403 402
403 403 
404 404 
405 405 
406 405
406 406 
407 407 
408 408 
427 408
409 409 
410 410 
418 410
411 411 
412 411
412 412 
437 412
413 413 
414 414 
415 414
416 414
417 414
415 415 
416 416 
417 417 
418 418 
419 419 
420 420 
424 420
421 421 
422 421
435 421
422 422 
423 423 
424 424 
425 425 
426 426 
427 427 
428 428 
429 429 
431 429
430 430 
431 430
431 431 
432 432 
433 433 
434 434 
437 434
435 435 
436 435
436 436 
437 437 
438 438 
439 439 
440 440 
441 441 
442 441
442 442 
443 443 
444 444 
445 445 
446 445
447 445
449 445
446 446 
450 446
455 446
447 447 
455 447
450 447
449 449 
451 449
452 449
453 449
450 450 
451 451 
452 452 
453 453 
454 454 
455 454
455 455 
456 456 
457 456
458 456
457 457 
459 457
460 457
461 457
462 457
463 457
459 459 
460 460 
461 461 
462 462 
463 463 
464 464 
465 465 
466 466 
467 466
480 466
467 467 
481 467
468 468 
472 468
478 468
469 469 
473 469
478 469
470 470 
471 470
471 471 
472 471
472 472 
473 473 
474 473
475 473
476 473
477 473
474 474 
475 475 
476 476 
477 477 
478 478 
479 479 
480 480 
481 480
483 480
481 481 
482 481
483 481
486 481
482 482 
486 482
483 483 
484 483
485 483
484 484 
485 485 
486 486 
487 487 
488 488 
490 488
493 488
494 488
489 489 
490 489
491 489
490 490 
492 490
491 491 
492 492 
493 493 
494 494 
